   2.6654804755599129E-002
   2.6652888978542798E-002
   2.6651010709353291E-002
   2.6649188672634692E-002
   2.6647441135832246E-002
   2.6645785756398532E-002
   2.6644239428692543E-002
   2.6642818130774983E-002
   2.6641536771707365E-002
   2.6640409040229261E-002
   2.6639447256036747E-002
   2.6638662225000064E-002
   2.6638063100640357E-002
   2.6637657253734150E-002
   2.6637445258178554E-002
   2.6637643932927436E-002
   2.6638045373124100E-002
   2.6638646561110074E-002
   2.6639442244277584E-002
   2.6640424942064093E-002
   2.6641584983290788E-002
   2.6642910575529356E-002
   2.6644387907327684E-002
   2.6646001283477633E-002
   2.6647733292508635E-002
   2.6649565004939341E-002
   2.6651476199414527E-002
   2.6653445613550514E-002
   2.6657470488014166E-002
   2.6659480729502597E-002
   2.6661459349548271E-002
   2.6663384169568000E-002
   2.6665233712656698E-002
   2.6666987480321015E-002
   2.6668626210353097E-002
   2.6670132111352045E-002
   2.6671489070047471E-002
   2.6672682828517980E-002
   2.6673701129282957E-002
   2.6674533827133841E-002
   2.6675172967619835E-002
   2.6675612832779097E-002
   2.6675883104378087E-002
   2.6675713242301669E-002
   2.6675343460212681E-002
   2.6674778890568844E-002
   2.6674026602753698E-002
   2.6673095483776200E-002
   2.6671996107308228E-002
   2.6670740593576790E-002
   2.6669342462678543E-002
   2.6667816483418330E-002
   2.6666178519381575E-002
   2.6664445373488704E-002
   2.6662634632337562E-002
   2.6660764510741598E-002
   2.6658853697012843E-002
   2.6654986191243034E-002
   2.6653067861970810E-002
   2.6651185261386223E-002
   2.6649357149242974E-002
   2.6647601842483926E-002
   2.6645937062456215E-002
   2.6644379781839901E-002
   2.6642946071370969E-002
   2.6641650947156439E-002
   2.6640508219086551E-002
   2.6639530341846736E-002
   2.6638728269735977E-002
   2.6638111317370830E-002
   2.6637687028476409E-002
   2.6637437050967723E-002
   2.6637616579260552E-002
   2.6637999042375859E-002
   2.6638581632196214E-002
   2.6639359306471454E-002
   2.6640324793086412E-002
   2.6641468624460627E-002
   2.6642779203830975E-002
   2.6644242904400192E-002
   2.6645844201461814E-002
   2.6647565837003204E-002
   2.6649389015099830E-002
   2.6651293625575327E-002
   2.6653258492681322E-002
   2.6657280598176410E-002
   2.6659292655520344E-002
   2.6661275203178365E-002
   2.6663206011338841E-002
   2.6665063525066469E-002
   2.6666827142520430E-002
   2.6668477474828946E-002
   2.6669996582969983E-002
   2.6671368187805963E-002
   2.6672577850232818E-002
   2.6673613119307781E-002
   2.6674463647314895E-002
   2.6675121271304145E-002
   2.6675580061867109E-002
   2.6675888666584557E-002
   2.6675737799407274E-002
   2.6675386633029471E-002
   2.6674840112108984E-002
   2.6674105128717457E-002
   2.6673190404331366E-002
   2.6672106359829213E-002
   2.6670864976142603E-002
   2.6669479648086438E-002
   2.6667965033565267E-002
   2.6666336899768047E-002
   2.6664611967908355E-002
   2.6662807757530261E-002
   2.6660942430958512E-002
   2.6659034638524776E-002
   2.6655167774456128E-002
   2.6653247061606222E-002
   2.6651360295704515E-002
   2.6649526270297180E-002
   2.6647763350483581E-002
   2.6646089320153377E-002
   2.6644521228907019E-002
   2.6643075238864437E-002
   2.6641766471767723E-002
   2.6640608857393066E-002
   2.6639614984151037E-002
   2.6638795953460435E-002
   2.6638161239905683E-002
   2.6637718559105062E-002
   2.6637430645907997E-002
   2.6637591022493974E-002
   2.6637954483711812E-002
   2.6638518430761014E-002
   2.6639278031800825E-002
   2.6640226223459396E-002
   2.6641353742322335E-002
   2.6642649188178495E-002
   2.6644099120042938E-002
   2.6645688185224344E-002
   2.6647399280863859E-002
   2.6649213746559122E-002
   2.6651111585511200E-002
   2.6653071711003264E-002
   2.6657090647405561E-002
   2.6659104320346409E-002
   2.6661090598754059E-002
   2.6663027204175283E-002
   2.6664892506097319E-002
   2.6666665801638924E-002
   2.6668327577368783E-002
   2.6669859748504023E-002
   2.6671245871633741E-002
   2.6672471327764159E-002
   2.6673523473560154E-002
   2.6674391759484391E-002
   2.6675067814513190E-002
   2.6675545497952334E-002
   2.6675892429841173E-002
   2.6675760583225995E-002
   2.6675428076380681E-002
   2.6674899665223538E-002
   2.6674182063493028E-002
   2.6673283825991292E-002
   2.6672215219544486E-002
   2.6670988084512150E-002
   2.6669615689079235E-002
   2.6668112578868444E-002
   2.6666494423347776E-002
   2.6664777860631119E-002
   2.6662980341806482E-002
   2.6661119975341249E-002
   2.6659215372257496E-002
   2.6655349489436913E-002
   2.6653426561811241E-002
   2.6651535796943088E-002
   2.6649696020839629E-002
   2.6647925645385855E-002
   2.6646242515661077E-002
   2.6644663756870940E-002
   2.6643205621105989E-002
   2.6641883334483401E-002
   2.6640710945253679E-002
   2.6639701174274229E-002
   2.6638865268902960E-002
   2.6638212862507237E-002
   2.6637751841496641E-002
   2.6637426042353682E-002
   2.6637567263803921E-002
   2.6637911700151305E-002
   2.6638456961698340E-002
   2.6639198426990543E-002
   2.6640129241683484E-002
   2.6641240347100345E-002
   2.6642520540453414E-002
   2.6643956567706802E-002
   2.6645533249554033E-002
   2.6647233640041589E-002
   2.6649039216242600E-002
   2.6650930096921283E-002
   2.6652885286774029E-002
   2.6656900654349527E-002
   2.6658915742440108E-002
   2.6660905554297780E-002
   2.6662847765420630E-002
   2.6664720672202880E-002
   2.6666503473041985E-002
   2.6668176532054361E-002
   2.6669721620601831E-002
   2.6671122132609911E-002
   2.6672363270530887E-002
   2.6673432199667821E-002
   2.6674318169415699E-002
   2.6675012601145506E-002
   2.6675509143054606E-002
   2.6675894392491652E-002
   2.6675781590353664E-002
   2.6675467785176078E-002
   2.6674957543268249E-002
   2.6674257398978558E-002
   2.6673375739271740E-002
   2.6672322675744545E-002
   2.6671109906845927E-002
   2.6669750572832204E-002
   2.6668259105676918E-002
   2.6666651075726102E-002
   2.6664943036649919E-002
   2.6663152369685968E-002
   2.6661297128082916E-002
   2.6659395882178367E-002
   2.6655531320106153E-002
   2.6653606346673044E-002
   2.6651711749493566E-002
   2.6649866385682876E-002
   2.6648088712566981E-002
   2.6646396635072386E-002
   2.6644807352622712E-002
   2.6643337205944358E-002
   2.6642001524151727E-002
   2.6640814472711445E-002
   2.6639788903608044E-002
   2.6638936208886996E-002
   2.6638266179498604E-002
   2.6637786871587247E-002
   2.6637423239696544E-002
   2.6637545304393658E-002
   2.6637870694746001E-002
   2.6638397229887378E-002
   2.6639120498786216E-002
   2.6640033856352843E-002
   2.6641128449184415E-002
   2.6642393272695977E-002
   2.6643815260911790E-002
   2.6645379409381477E-002
   2.6647068930683020E-002
   2.6648865441347435E-002
   2.6650749177850555E-002
   2.6652699238634867E-002
   2.6656710638075367E-002
   2.6658726940710184E-002
   2.6660720088321613E-002
   2.6662667712946814E-002
   2.6664548040377295E-002
   2.6666340172624599E-002
   2.6668024353514900E-002
   2.6669582212432603E-002
   2.6670996982289301E-002
   2.6672253688386667E-002
   2.6673339305701656E-002
   2.6674242883350359E-002
   2.6674955635574215E-002
   2.6675470999667640E-002
   2.6675784661913910E-002
   2.6675800817885533E-002
   2.6675505754856253E-002
   2.6675013740090674E-002
   2.6674331127522394E-002
   2.6673466135167061E-002
   2.6672428718135143E-002
   2.6671230431721912E-002
   2.6669884286891852E-002
   2.6668404600633015E-002
   2.6666806842806215E-002
   2.6665107481236176E-002
   2.6663323825939743E-002
   2.6661473873586326E-002
   2.6659576152457991E-002
   2.6655713250540298E-002
   2.6653786400412948E-002
   2.6651888137845008E-002
   2.6650037349709457E-002
   2.6648252537448777E-002
   2.6646551664439778E-002
   2.6644952002990996E-002
   2.6643469981135291E-002
   2.6642121029614305E-002
   2.6640919429771700E-002
   2.6639878163438335E-002
   2.6639008766077069E-002
   2.6638321185068602E-002
   2.6637823645159760E-002
   2.6637422237159692E-002
   2.6637525145309923E-002
   2.6637831470411304E-002
   2.6638339240137081E-002
   2.6639044253821284E-002
   2.6639940075897608E-002
   2.6641018058716444E-002
   2.6642267396707060E-002
   2.6643675213064162E-002
   2.6645226679535911E-002
   2.6646905168892975E-002
   2.6648692439001656E-002
   2.6650568846217641E-002
   2.6652513585086197E-002
   2.6654504950492031E-002
   2.6658537933985968E-002
   2.6660534219258545E-002
   2.6662487064554746E-002
   2.6664374627567967E-002
   2.6666175916290499E-002
   2.6667871056376750E-002
   2.6669441537192765E-002
   2.6670870432334157E-002
   2.6672142591271621E-002
   2.6673244799813613E-002
   2.6674165907588043E-002
   2.6674896922224616E-002
   2.6675431070340833E-002
   2.6675763826422508E-002
   2.6675818262891955E-002
   2.6675541980784544E-002
   2.6675068249446904E-002
   2.6674403241409579E-002
   2.6673555004587200E-002
   2.6672533336402043E-002
   2.6671349647681496E-002
   2.6670016818812373E-002
   2.6668549050409947E-002
   2.6666961710516544E-002
   2.6665271179683012E-002
   2.6663494695370316E-002
   2.6661650196299732E-002
   2.6659756167311727E-002
   2.6655895264861711E-002
   2.6653966707294280E-002
   2.6652064946535221E-002
   2.6650208897869308E-002
   2.6648417105475136E-002
   2.6646707589863490E-002
   2.6645097694865963E-002
   2.6643603934441859E-002
   2.6642241839629519E-002
   2.6641025806327486E-002
   2.6639968944898292E-002
   2.6639082932979067E-002
   2.6638377873176990E-002
   2.6637862157767114E-002
   2.6637423033739997E-002
   2.6637506787351210E-002
   2.6637794029763035E-002
   2.6638282996920237E-002
   2.6638969698459882E-002
   2.6639847908504787E-002
   2.6640909185655849E-002
   2.6642142924130016E-002
   2.6643536437339941E-002
   2.6645075074572862E-002
   2.6646742370445307E-002
   2.6648520226059205E-002
   2.6650389119751778E-002
   2.6652328344491449E-002
   2.6654316268096178E-002
   2.6658348741043753E-002
   2.6660347965526975E-002
   2.6662305838067040E-002
   2.6664200450762208E-002
   2.6666010719962257E-002
   2.6667716655353745E-002
   2.6669299608195682E-002
   2.6670742494454613E-002
   2.6672029989249987E-002
   2.6673148690300422E-002
   2.6674087248615749E-002
   2.6674836465732828E-002
   2.6675389357844932E-002
   2.6675741187620075E-002
   2.6675833922719369E-002
   2.6675576458623056E-002
   2.6675121065401618E-002
   2.6674473733168683E-002
   2.6673642338613406E-002
   2.6672636520287826E-002
   2.6671467543307851E-002
   2.6670148156124410E-002
   2.6668692441650751E-002
   2.6667115664694475E-002
   2.6665434117203877E-002
   2.6663664962690351E-002
   2.6661826080520912E-002
   2.6659935910764893E-002
   2.6656077346952873E-002
   2.6654147251322702E-002
   2.6652242159798098E-002
   2.6650381014745591E-002
   2.6648582401737893E-002
   2.6646864397052543E-002
   2.6645244414681014E-002
   2.6643739053181004E-002
   2.6642363942528911E-002
   2.6641133591869880E-002
   2.6640061238771568E-002
   2.6639158701776303E-002
   2.6638436237531878E-002
   2.6637902404702391E-002
   2.6637563937027518E-002
   2.6637490231025511E-002
   2.6637758375183711E-002
   2.6638228504476374E-002
   2.6638896838777289E-002
   2.6639757362082427E-002
   2.6640801839681868E-002
   2.6642019866309697E-002
   2.6643398946649119E-002
   2.6644924608863554E-002
   2.6646580550991686E-002
   2.6648348819238617E-002
   2.6650210016045922E-002
   2.6652143535092543E-002
   2.6654127819601230E-002
   2.6658159380614187E-002
   2.6660161345520676E-002
   2.6662124051299623E-002
   2.6664025526977816E-002
   2.6665844599623605E-002
   2.6667561165165721E-002
   2.6669156438778725E-002
   2.6670613180484515E-002
   2.6671915892495138E-002
   2.6673050985601941E-002
   2.6674006913029208E-002
   2.6674774270823088E-002
   2.6675345865028125E-002
   2.6675716746501068E-002
   2.6675847794739520E-002
   2.6675609184046288E-002
   2.6675172182013346E-002
   2.6674542595355288E-002
   2.6673728128456160E-002
   2.6672738259776896E-002
   2.6671584107434906E-002
   2.6670278286634458E-002
   2.6668834761236649E-002
   2.6667268691451775E-002
   2.6665596279261593E-002
   2.6663834612825066E-002
   2.6662001510804945E-002
   2.6660115367117283E-002
   2.6656259480963652E-002
   2.6654328016755428E-002
   2.6652419762158545E-002
   2.6650553685241257E-002
   2.6648748411642470E-002
   2.6647022072045203E-002
   2.6645392149261600E-002
   2.6643875325054869E-002
   2.6642487327049685E-002
   2.6641242776206088E-002
   2.6640155036064653E-002
   2.6639236064822807E-002
   2.6638496271935996E-002
   2.6637944381332091E-002
   2.6637587303513576E-002
   2.6637475476890514E-002
   2.6637724509049516E-002
   2.6638175767048487E-002
   2.6638825680878088E-002
   2.6639668444556203E-002
   2.6640696030504833E-002
   2.6641898234683721E-002
   2.6643262754035463E-002
   2.6644775296873049E-002
   2.6646419726266326E-002
   2.6648178235380529E-002
   2.6650031552806888E-002
   2.6651959175263407E-002
   2.6653939623807875E-002
   2.6657969871609018E-002
   2.6659974377838645E-002
   2.6661941722273864E-002
   2.6663849873435008E-002
   2.6665677571510216E-002
   2.6667404600875449E-002
   2.6669012042578894E-002
   2.6670482502495641E-002
   2.6671800311399225E-002
   2.6672951694344586E-002
   2.6673924907651324E-002
   2.6674710342459634E-002
   2.6675300594968702E-002
   2.6675690504268372E-002
   2.6675859876558010E-002
   2.6675640152934037E-002
   2.6675221593535740E-002
   2.6674609820699923E-002
   2.6673812365399178E-002
   2.6672838544810850E-002
   2.6671699328804546E-002
   2.6670407198028798E-002
   2.6668975995932601E-002
   2.6667420776766124E-002
   2.6665757651156245E-002
   2.6664003630538873E-002
   2.6662176471492268E-002
   2.6660294520424715E-002
   2.6656441650768498E-002
   2.6654508987574300E-002
   2.6652597737813619E-002
   2.6650726893923574E-002
   2.6648915120235449E-002
   2.6647180600495618E-002
   2.6645540884975585E-002
   2.6644012737326490E-002
   2.6642611981390691E-002
   2.6641353348706310E-002
   2.6640250327431600E-002
   2.6639315014122738E-002
   2.6638557969856931E-002
   2.6637988082700785E-002
   2.6637612438881658E-002
   2.6637462525204065E-002
   2.6637692433466757E-002
   2.6638124788605139E-002
   2.6638756230581172E-002
   2.6639581163583372E-002
   2.6640591767549664E-002
   2.6641778040361358E-002
   2.6643127872175938E-002
   2.6644627152752190E-002
   2.6646259911752478E-002
   2.6648008491090131E-002
   2.6649853747583954E-002
   2.6651775283235007E-002
   2.6653751699398959E-002
   2.6657780232878639E-002
   2.6659787081029278E-002
   2.6661758869016484E-002
   2.6663673507389980E-002
   2.6665509651870173E-002
   2.6667246977531513E-002
   2.6668866433332158E-002
   2.6670350472722659E-002
   2.6671683256552638E-002
   2.6672850825360760E-002
   2.6673841239504826E-002
   2.6674644685801517E-002
   2.6675253550961373E-002
   2.6675662462348169E-002
   2.6675870165969479E-002
   2.6675669361377621E-002
   2.6675269294431942E-002
   2.6674675402120328E-002
   2.6673895040935907E-002
   2.6672937365587981E-002
   2.6671813196434323E-002
   2.6670534878245521E-002
   2.6669116132746064E-002
   2.6667571906838494E-002
   2.6665918218390504E-002
   2.6664172000767154E-002
   2.6662350947094064E-002
   2.6660473354914834E-002
   2.6656623840398529E-002
   2.6654690147897977E-002
   2.6652776071087455E-002
   2.6650900625432371E-002
   2.6649082512628305E-002
   2.6647339968124437E-002
   2.6645690608291212E-002
   2.6644151277280016E-002
   2.6642737893853873E-002
   2.6641465298759427E-002
   2.6640347103465672E-002
   2.6639395541630605E-002
   2.6638621324712199E-002
   2.6638033503783336E-002
   2.6637639339741899E-002
   2.6637451376079358E-002
   2.6637662150375614E-002
   2.6638075572935498E-002
   2.6638688493553782E-002
   2.6639495526677520E-002
   2.6640489060129734E-002
   2.6641659294368319E-002
   2.6642994313745307E-002
   2.6644480190680043E-002
   2.6646101122936822E-002
   2.6647839602976064E-002
   2.6649676617916458E-002
   2.6651591877263448E-002
   2.6653564065108389E-002
   2.6657590483364732E-002
   2.6659599473772878E-002
   2.6661575509700820E-002
   2.6663496446270668E-002
   2.6665340857179549E-002
   2.6667088310428445E-002
   2.6668719624940898E-002
   2.6670217103577372E-002
   2.6671564738740872E-002
   2.6672748387725837E-002
   2.6673755915822845E-002
   2.6674577306219322E-002
   2.6675204736481155E-002
   2.6675632622350898E-002
   2.6675878660950957E-002
   2.6675696805626262E-002
   2.6675315279312370E-002
   2.6674739332703153E-002
   2.6673976146713470E-002
   2.6673034712427327E-002
   2.6671925699432265E-002
   2.6670661315317014E-002
   2.6669255158725570E-002
   2.6667722067876119E-002
   2.6666077966518195E-002
   2.6664339708543889E-002
   2.6662524922238855E-002
   2.6660651854891367E-002
   2.6658739218094023E-002
   2.6654871481874048E-002
   2.6652954746345024E-002
   2.6651074864490157E-002
   2.6649250573990584E-002
   2.6647500160656461E-002
   2.6645841305612684E-002
   2.6644290932171792E-002
   2.6642865052654955E-002
   2.6641578615675041E-002
   2.6640445354689995E-002
   2.6639477639167988E-002
   2.6638686329769047E-002
   2.6638080639383967E-002
   2.6637668002534080E-002
   2.6637442029464668E-002
   2.6637633661566042E-002
   2.6638028123702903E-002
   2.6638622475319802E-002
   2.6639411541185275E-002
   2.6640387917376811E-002
   2.6641542007561185E-002
   2.6642862091173711E-002
   2.6644334424536432E-002
   2.6645943375009900E-002
   2.6647671587390884E-002
   2.6649500181078766E-002
   2.6651408975358955E-002
   2.6653376739442469E-002
   2.6657400641833345E-002
   2.6659411574587268E-002
   2.6661391662333649E-002
   2.6663318707347127E-002
   2.6665171203735120E-002
   2.6666928614718952E-002
   2.6668571631245332E-002
   2.6670082407388121E-002
   2.6671444768671313E-002
   2.6672644390411601E-002
   2.6673668943807113E-002
   2.6674508209079306E-002
   2.6675154155040764E-002
   2.6675600985915392E-002
   2.6675885359514168E-002
   2.6675722481964453E-002
   2.6675359542810216E-002
   2.6674801605510390E-002
   2.6674055674365149E-002
   2.6673130575629485E-002
   2.6672036826903018E-002
   2.6670786497301823E-002
   2.6669393061006286E-002
   2.6667871246198925E-002
   2.6666236881132972E-002
   2.6664506738870348E-002
   2.6662698381456254E-002
   2.6660830004586106E-002
   2.6658920282742814E-002
   2.6655052973555800E-002
   2.6653133747826709E-002
   2.6651249595638853E-002
   2.6649419289324836E-002
   2.6647661163699564E-002
   2.6645992963284345E-002
   2.6644431689186579E-002
   2.6642993445956525E-002
   2.6641693288676632E-002
   2.6640545071523209E-002
   2.6639561298514466E-002
   2.6638752978209536E-002
   2.6638129484213700E-002
   2.6637698423611789E-002
   2.6637434485205679E-002
   2.6637606968710884E-002
   2.6637982444419731E-002
   2.6638558181250792E-002
   2.6639329214347949E-002
   2.6640288348357254E-002
   2.6641426190721382E-002
   2.6642731216881443E-002
   2.6644189868272106E-002
   2.6645786683292174E-002
   2.6647504460829044E-002
   2.6649324454559517E-002
   2.6651226595763491E-002
   2.6653189741166809E-002
   2.6657210727352994E-002
   2.6659223402317349E-002
   2.6661207345310318E-002
   2.6663140308327574E-002
   2.6665000708347264E-002
   2.6666767906096490E-002
   2.6668422466612021E-002
   2.6669946397046992E-002
   2.6671323357650479E-002
   2.6672538842986385E-002
   2.6673580331222059E-002
   2.6674437400291316E-002
   2.6675101810666284E-002
   2.6675567555194849E-002
   2.6675890260148296E-002
   2.6675746387139630E-002
   2.6675402080002041E-002
   2.6674862214066595E-002
   2.6674133615923211E-002
   2.6673224945881948E-002
   2.6672146568283615E-002
   2.6670910412492567E-002
   2.6669529826902256E-002
   2.6668019428266295E-002
   2.6666394947985034E-002
   2.6664673076868737E-002
   2.6662871309425521E-002
   2.6661007788344376E-002
   2.6659101149644090E-002
   2.6655234607071834E-002
   2.6653313059838916E-002
   2.6651424803481382E-002
   2.6649588643645142E-002
   2.6647822962804851E-002
   2.6646145567510635E-002
   2.6644573535330816E-002
   2.6643123061630161E-002
   2.6641809306736253E-002
   2.6640646244147970E-002
   2.6639646511125502E-002
   2.6638821262938372E-002
   2.6638180032722707E-002
   2.6637730599046696E-002
   2.6637428742849426E-002
   2.6637582073173835E-002
   2.6637938538319385E-002
   2.6638495616441580E-002
   2.6639248553088253E-002
   2.6640190361749829E-002
   2.6641311854275242E-002
   2.6642601702974635E-002
   2.6644046535489241E-002
   2.6645631062767100E-002
   2.6647338239463424E-002
   2.6649149455530759E-002
   2.6651044756413000E-002
   2.6653003088773761E-002
   2.6657020758773960E-002
   2.6659034975616107E-002
   2.6661022576824879E-002
   2.6662961266703585E-002
   2.6664829387566560E-002
   2.6666606199945327E-002
   2.6668272145123621E-002
   2.6669809085177531E-002
   2.6671200516674990E-002
   2.6672431754748174E-002
   2.6673490085551060E-002
   2.6674364885504894E-002
   2.6675047707146900E-002
   2.6675532332111063E-002
   2.6675893361114894E-002
   2.6675768517668515E-002
   2.6675442885758620E-002
   2.6674921151662000E-002
   2.6674209963237317E-002
   2.6673317813672638E-002
   2.6672254912845923E-002
   2.6671033049051000E-002
   2.6669665443582354E-002
   2.6668166600408615E-002
   2.6666552152681135E-002
   2.6664838707619758E-002
   2.6663043690751266E-002
   2.6661185190427827E-002
   2.6659281802844086E-002
   2.6655416366421027E-002
   2.6653492666560145E-002
   2.6651600472508322E-002
   2.6649758621886368E-002
   2.6647985543475430E-002
   2.6646299104499456E-002
   2.6644716457618237E-002
   2.6643253887709283E-002
   2.6641926658911914E-002
   2.6640748862788523E-002
   2.6639733268537184E-002
   2.6638891176906390E-002
   2.6638232279371985E-002
   2.6637764524915290E-002
   2.6637424801943380E-002
   2.6637558976326164E-002
   2.6637896408618154E-002
   2.6638434785963033E-002
   2.6639169564331842E-002
   2.6640093966345289E-002
   2.6641199008756732E-002
   2.6642473561598594E-002
   2.6643904439883830E-002
   2.6645476528469665E-002
   2.6647172939533115E-002
   2.6648975201219508E-002
   2.6650863475354027E-002
   2.6652816800843249E-002
   2.6656830755068764E-002
   2.6658846313281078E-002
   2.6660837375260121E-002
   2.6662781600214826E-002
   2.6664657258269015E-002
   2.6666443512108312E-002
   2.6668120681328459E-002
   2.6669670484852321E-002
   2.6671076257190448E-002
   2.6672323135454683E-002
   2.6673398214802288E-002
   2.6674290670860083E-002
   2.6674991848749555E-002
   2.6675495319051334E-002
   2.6675796901924322E-002
   2.6675788870537263E-002
   2.6675481955386826E-002
   2.6674978412019160E-002
   2.6674284708531715E-002
   2.6673409169876157E-002
   2.6672361850223675E-002
   2.6671154395491597E-002
   2.6669799898554548E-002
   2.6668312749224470E-002
   2.6666708481070105E-002
   2.6665003616317021E-002
   2.6663215510159089E-002
   2.6661362195208888E-002
   2.6659462226485173E-002
   2.6655598235676613E-002
   2.6653672552200903E-002
   2.6651776587225597E-002
   2.6649929208960272E-002
   2.6648148891131363E-002
   2.6646453560311853E-002
   2.6644860442898152E-002
   2.6643385911896581E-002
   2.6642045333961147E-002
   2.6640852917360649E-002
   2.6639821561957145E-002
   2.6638962712712062E-002
   2.6638286218257461E-002
   2.6637800196911907E-002
   2.6637422661634522E-002
   2.6637537679129679E-002
   2.6637856058128084E-002
   2.6638375694509834E-002
   2.6639092254633040E-002
   2.6639999170460955E-002
   2.6641087664230453E-002
   2.6642346804459826E-002
   2.6643763594667545E-002
   2.6645323095034246E-002
   2.6647008576900024E-002
   2.6648801708552855E-002
   2.6650682770316843E-002
   2.6652630895728807E-002
   2.6656640735036017E-002
   2.6658657433956921E-002
   2.6660651758859705E-002
   2.6662601326450437E-002
   2.6664484337172518E-002
   2.6666279858203554E-002
   2.6667968089613518E-002
   2.6669530609056580E-002
   2.6670950590647884E-002
   2.6672212994852458E-002
   2.6673304726914062E-002
   2.6674214762479727E-002
   2.6674934239720650E-002
   2.6675456518391365E-002
   2.6675777206871927E-002
   2.6675807442679920E-002
   2.6675519284129093E-002
   2.6675033988790790E-002
   2.6674357843983917E-002
   2.6673499005268875E-002
   2.6672467369901299E-002
   2.6671274440177337E-002
   2.6669933179193566E-002
   2.6668457861260066E-002
   2.6666863918953915E-002
   2.6665167788127209E-002
   2.6663386752314621E-002
   2.6661538787006354E-002
   2.6659642404652576E-002
   2.6655780198834113E-002
   2.6653852700908452E-002
   2.6651953132016869E-002
   2.6650100389639556E-002
   2.6648312991097441E-002
   2.6646608920941551E-002
   2.6645005477954870E-002
   2.6643519121926220E-002
   2.6642165320649187E-002
   2.6640958397777716E-002
   2.6639911382563466E-002
   2.6639035862922850E-002
   2.6638341843479987E-002
   2.6637837610730880E-002
   2.6637422321043915E-002
   2.6637518182519398E-002
   2.6637817489633835E-002
   2.6638318346714904E-002
   2.6639016630471603E-002
   2.6639905982449488E-002
   2.6640977830807360E-002
